Startup CPU time:      181.838 sec summed across   96 PEs.
         Day, Step number,     CPU time, CPU time change
       0.000,           0,      181.838,      181.838
       5.208,        1000,     9451.462,     9269.625
      10.417,        2000,    18613.389,     9161.926
      15.625,        3000,    27665.309,     9051.920
      20.833,        4000,    36749.229,     9083.920
      26.042,        5000,    45876.832,     9127.603
      31.250,        6000,    55043.725,     9166.893
      36.458,        7000,    64180.134,     9136.410
      41.667,        8000,    73367.123,     9186.989
      46.875,        9000,    82630.448,     9263.325
      52.083,       10000,    91994.144,     9363.696
      57.292,       11000,   101517.283,     9523.139
      62.500,       12000,   111136.278,     9618.995
      67.708,       13000,   120585.101,     9448.822
      72.917,       14000,   129999.747,     9414.646
      78.125,       15000,   139363.328,     9363.581
      83.333,       16000,   148701.600,     9338.272
      88.542,       17000,   158038.326,     9336.726
      93.750,       18000,   167447.773,     9409.446
      98.958,       19000,   176821.914,     9374.141
     104.167,       20000,   186176.336,     9354.422
     109.375,       21000,   195614.557,     9438.221
     114.583,       22000,   204940.294,     9325.738
     119.792,       23000,   214161.149,     9220.854
     125.000,       24000,   223406.292,     9245.143
     130.208,       25000,   232653.392,     9247.100
     135.417,       26000,   241979.875,     9326.483
     140.625,       27000,   251317.200,     9337.325
     145.833,       28000,   260589.520,     9272.320
     151.042,       29000,   269824.579,     9235.059
     156.250,       30000,   279070.138,     9245.558
     161.458,       31000,   288325.555,     9255.418
     166.667,       32000,   297569.027,     9243.472
     171.875,       33000,   306827.066,     9258.038
     177.083,       34000,   316192.678,     9365.613
     182.292,       35000,   325548.547,     9355.869
     187.500,       36000,   334831.987,     9283.440
     192.708,       37000,   344134.090,     9302.103
     197.917,       38000,   353435.987,     9301.897
     203.125,       39000,   362726.134,     9290.147
     208.333,       40000,   371996.067,     9269.933
     213.542,       41000,   381330.699,     9334.632
     218.750,       42000,   390716.701,     9386.002
     223.958,       43000,   400008.342,     9291.642
     229.167,       44000,   409275.098,     9266.755
     234.375,       45000,   418558.525,     9283.427
     239.583,       46000,   427860.403,     9301.878
     244.792,       47000,   437188.922,     9328.518
     250.000,       48000,   446512.714,     9323.792
     255.208,       49000,   455888.096,     9375.382
     260.417,       50000,   465323.283,     9435.187
     265.625,       51000,   474738.685,     9415.402
     270.833,       52000,   484086.045,     9347.360
     276.042,       53000,   493448.813,     9362.768
     281.250,       54000,   502808.816,     9360.003
     286.458,       55000,   512104.867,     9296.051
     291.667,       56000,   521446.550,     9341.683
     296.875,       57000,   530694.374,     9247.824
     302.083,       58000,   539927.846,     9233.472
     307.292,       59000,   549237.392,     9309.546
     312.500,       60000,   558597.043,     9359.651
     317.708,       61000,   567899.011,     9301.968
     322.917,       62000,   577156.736,     9257.725
     328.125,       63000,   586390.650,     9233.914
     333.333,       64000,   595651.997,     9261.347
     338.542,       65000,   604899.565,     9247.568
     343.750,       66000,   614145.190,     9245.626
     348.958,       67000,   623383.126,     9237.936
     354.167,       68000,   632630.470,     9247.344
     359.375,       69000,   641908.675,     9278.205
     364.583,       70000,   651214.806,     9306.131
     369.792,       71000,   660487.338,     9272.531
     375.000,       72000,   669770.167,     9282.829
     380.208,       73000,   679069.565,     9299.398
     385.417,       74000,   688334.010,     9264.445
     390.625,       75000,   697634.256,     9300.246
     395.833,       76000,   706889.450,     9255.194
     401.042,       77000,   716154.794,     9265.344
     406.250,       78000,   725411.936,     9257.142
     411.458,       79000,   734669.706,     9257.770
     416.667,       80000,   743982.003,     9312.298
     421.875,       81000,   753337.751,     9355.748
     427.083,       82000,   762690.278,     9352.527
     432.292,       83000,   772022.279,     9332.000
     437.500,       84000,   781282.102,     9259.824
     442.708,       85000,   790528.285,     9246.182
     447.917,       86000,   799771.107,     9242.822
     453.125,       87000,   809003.459,     9232.352
     458.333,       88000,   818226.042,     9222.582
     463.542,       89000,   827469.018,     9242.976
     468.750,       90000,   836706.701,     9237.683
     473.958,       91000,   845933.101,     9226.400
     479.167,       92000,   855210.525,     9277.424
     484.375,       93000,   864466.266,     9255.741
     489.583,       94000,   873653.309,     9187.043
     494.792,       95000,   882833.523,     9180.214
     500.000,       96000,   892001.133,     9167.610
     505.208,       97000,   901193.763,     9192.630
     510.417,       98000,   910416.922,     9223.158
     515.625,       99000,   919606.874,     9189.952
     520.833,      100000,   928784.013,     9177.139
     526.042,      101000,   937960.301,     9176.288
     531.250,      102000,   947138.326,     9178.026
     536.458,      103000,   956308.906,     9170.579
     541.667,      104000,   965481.226,     9172.320
     546.875,      105000,   974643.178,     9161.952
     552.083,      106000,   983815.798,     9172.621
     557.292,      107000,   992981.139,     9165.341
     562.500,      108000,  1002127.395,     9146.256
     567.708,      109000,  1011269.581,     9142.186
     572.917,      110000,  1020444.986,     9175.405
     578.125,      111000,  1029594.150,     9149.165
     583.333,      112000,  1038753.965,     9159.814
     588.542,      113000,  1047892.979,     9139.014
     593.750,      114000,  1057043.088,     9150.109
     598.958,      115000,  1066176.368,     9133.280
     604.167,      116000,  1075346.608,     9170.240
     609.375,      117000,  1084513.997,     9167.389
     614.583,      118000,  1093667.523,     9153.526
     619.792,      119000,  1102834.445,     9166.922
     625.000,      120000,  1112007.773,     9173.328
     630.208,      121000,  1121189.360,     9181.587
     635.417,      122000,  1130352.238,     9162.878
     640.625,      123000,  1139505.517,     9153.279
     645.833,      124000,  1148660.538,     9155.022
     651.042,      125000,  1157814.643,     9154.105
     656.250,      126000,  1166958.323,     9143.680
     661.458,      127000,  1176127.558,     9169.235
     666.667,      128000,  1185290.765,     9163.206
     671.875,      129000,  1194457.258,     9166.493
     677.083,      130000,  1203626.554,     9169.296
     682.292,      131000,  1212796.077,     9169.523
     687.500,      132000,  1221974.525,     9178.448
     692.708,      133000,  1231163.613,     9189.088
     697.917,      134000,  1240331.526,     9167.914
     703.125,      135000,  1249502.650,     9171.123
     708.333,      136000,  1258677.062,     9174.413
     713.542,      137000,  1267867.702,     9190.640
     718.750,      138000,  1277058.646,     9190.944
     723.958,      139000,  1286261.085,     9202.438
     729.167,      140000,  1295451.862,     9190.778
     734.375,      141000,  1304625.709,     9173.846
     739.583,      142000,  1313806.896,     9181.187
     744.792,      143000,  1323006.422,     9199.526
     750.000,      144000,  1332199.210,     9192.788
     755.208,      145000,  1341401.446,     9202.237
     760.417,      146000,  1350597.363,     9195.917
     765.625,      147000,  1359783.088,     9185.725
     770.833,      148000,  1368984.218,     9201.130
     776.042,      149000,  1378182.237,     9198.019
     781.250,      150000,  1387407.738,     9225.501
     786.458,      151000,  1396623.859,     9216.122
     791.667,      152000,  1405848.621,     9224.762
     796.875,      153000,  1415069.510,     9220.890
     802.083,      154000,  1424321.200,     9251.690
     807.292,      155000,  1433568.605,     9247.405
     812.500,      156000,  1442840.058,     9271.453
     817.708,      157000,  1452091.645,     9251.587
     822.917,      158000,  1461353.107,     9261.462
     828.125,      159000,  1470615.286,     9262.179
     833.333,      160000,  1479880.160,     9264.874
     838.542,      161000,  1489148.442,     9268.282
     843.750,      162000,  1498434.314,     9285.872
     848.958,      163000,  1507729.539,     9295.226
     854.167,      164000,  1517004.131,     9274.592
     859.375,      165000,  1526284.216,     9280.085
     864.583,      166000,  1535587.667,     9303.451
     869.792,      167000,  1544895.811,     9308.144
     875.000,      168000,  1554222.180,     9326.368
     880.208,      169000,  1563549.565,     9327.385
     885.417,      170000,  1572893.923,     9344.358
     890.625,      171000,  1582234.672,     9340.749
     895.833,      172000,  1591586.851,     9352.179
     901.042,      173000,  1600933.462,     9346.611
     906.250,      174000,  1610256.928,     9323.466
     911.458,      175000,  1619613.168,     9356.240
     916.667,      176000,  1628970.061,     9356.893
     921.875,      177000,  1638321.194,     9351.133
     927.083,      178000,  1647676.250,     9355.056
     932.292,      179000,  1657059.939,     9383.690
     937.500,      180000,  1666435.014,     9375.075
     942.708,      181000,  1675808.211,     9373.197
     947.917,      182000,  1685208.842,     9400.630
     953.125,      183000,  1694626.048,     9417.206
     958.333,      184000,  1704046.541,     9420.493
     963.542,      185000,  1713498.230,     9451.690
     968.750,      186000,  1722929.648,     9431.418
     973.958,      187000,  1732355.869,     9426.221
     979.167,      188000,  1741791.142,     9435.274
     984.375,      189000,  1751200.045,     9408.902
     989.583,      190000,  1760618.339,     9418.294
     994.792,      191000,  1770045.629,     9427.290
    1000.000,      192000,  1779459.885,     9414.256
    1005.208,      193000,  1788910.301,     9450.416
    1010.417,      194000,  1798364.534,     9454.234
    1015.625,      195000,  1807821.629,     9457.094
    1020.833,      196000,  1817285.206,     9463.578
    1026.042,      197000,  1826733.248,     9448.042
    1031.250,      198000,  1836196.477,     9463.229
    1036.458,      199000,  1845635.683,     9439.206
    1041.667,      200000,  1855074.061,     9438.378
    1046.875,      201000,  1864529.936,     9455.875
    1052.083,      202000,  1874009.814,     9479.878
    1057.292,      203000,  1883497.476,     9487.662
    1062.500,      204000,  1893020.371,     9522.895
    1067.708,      205000,  1902540.214,     9519.843
    1072.917,      206000,  1912042.854,     9502.640
    1078.125,      207000,  1921596.374,     9553.520
    1083.333,      208000,  1931131.574,     9535.200
    1088.542,      209000,  1940645.018,     9513.443
    1093.750,      210000,  1950151.107,     9506.090
    1098.958,      211000,  1959654.611,     9503.504
    1104.167,      212000,  1969157.120,     9502.509
    1109.375,      213000,  1978632.285,     9475.165
    1114.583,      214000,  1988097.542,     9465.258
    1119.792,      215000,  1997527.763,     9430.221
    1125.000,      216000,  2007002.407,     9474.644
    1130.208,      217000,  2016467.824,     9465.417
    1135.417,      218000,  2025924.384,     9456.560
    1140.625,      219000,  2035412.714,     9488.330
    1145.833,      220000,  2044890.294,     9477.581
    1151.042,      221000,  2054372.534,     9482.240
    1156.250,      222000,  2063839.789,     9467.254
    1161.458,      223000,  2073300.544,     9460.755
    1166.667,      224000,  2082793.389,     9492.845
    1171.875,      225000,  2092345.808,     9552.419
    1177.083,      226000,  2101853.421,     9507.613
    1182.292,      227000,  2111343.482,     9490.061
    1187.500,      228000,  2120811.290,     9467.808
    1192.708,      229000,  2130263.754,     9452.464
    1197.917,      230000,  2139720.560,     9456.806
    1203.125,      231000,  2149198.694,     9478.134
    1208.333,      232000,  2158674.195,     9475.501
    1213.542,      233000,  2168153.866,     9479.670
    1218.750,      234000,  2177622.178,     9468.312
    1223.958,      235000,  2187072.509,     9450.331
    1229.167,      236000,  2196525.030,     9452.522
    1234.375,      237000,  2206010.419,     9485.389
    1239.583,      238000,  2215474.502,     9464.083
    1244.792,      239000,  2224916.048,     9441.546
    1250.000,      240000,  2234366.282,     9450.234
    1255.208,      241000,  2243818.534,     9452.253
    1260.417,      242000,  2253309.891,     9491.357
    1265.625,      243000,  2262759.277,     9449.386
    1270.833,      244000,  2272193.053,     9433.776
    1276.042,      245000,  2281628.480,     9435.427
    1281.250,      246000,  2291071.872,     9443.392
    1286.458,      247000,  2300496.845,     9424.973
    1291.667,      248000,  2309951.578,     9454.733
    1296.875,      249000,  2319400.490,     9448.912
    1302.083,      250000,  2328836.224,     9435.734
    1307.292,      251000,  2338249.792,     9413.568
    1312.500,      252000,  2347676.656,     9426.864
    1317.708,      253000,  2357092.454,     9415.798
    1322.917,      254000,  2366522.858,     9430.403
    1328.125,      255000,  2375948.470,     9425.613
    1333.333,      256000,  2385390.317,     9441.846
    1338.542,      257000,  2394823.466,     9433.149
    1343.750,      258000,  2404333.222,     9509.757
    1348.958,      259000,  2413832.093,     9498.870
    1354.167,      260000,  2423273.568,     9441.475
    1359.375,      261000,  2432670.029,     9396.461
    1364.583,      262000,  2442058.166,     9388.138
    1369.792,      263000,  2451462.307,     9404.141
    1375.000,      264000,  2460855.752,     9393.445
    1380.208,      265000,  2470241.872,     9386.120
    1385.417,      266000,  2479593.536,     9351.664
    1390.625,      267000,  2488945.878,     9352.342
    1395.833,      268000,  2498288.794,     9342.915
    1401.042,      269000,  2507625.120,     9336.326
    1406.250,      270000,  2516975.686,     9350.566
    1411.458,      271000,  2526347.290,     9371.603
    1416.667,      272000,  2535712.134,     9364.845
    1421.875,      273000,  2545083.037,     9370.902
    1427.083,      274000,  2554450.403,     9367.366
    1432.292,      275000,  2563769.011,     9318.608
    1437.500,      276000,  2573079.622,     9310.611
    1442.708,      277000,  2582421.206,     9341.584
    1447.917,      278000,  2591760.656,     9339.450
    1453.125,      279000,  2601072.838,     9312.182
    1458.333,      280000,  2610374.360,     9301.521
    1463.542,      281000,  2619682.778,     9308.418
    1468.750,      282000,  2628991.063,     9308.285
    1473.958,      283000,  2638328.387,     9337.324
    1479.167,      284000,  2647641.302,     9312.916
    1484.375,      285000,  2656950.147,     9308.845
    1489.583,      286000,  2666279.459,     9329.312
    1494.792,      287000,  2675619.712,     9340.253
    1500.000,      288000,  2684952.605,     9332.893
    1505.208,      289000,  2694311.302,     9358.697
    1510.417,      290000,  2703660.045,     9348.742
    1515.625,      291000,  2712993.875,     9333.830
    1520.833,      292000,  2722333.238,     9339.363
    1526.042,      293000,  2731663.341,     9330.103
    1531.250,      294000,  2741014.672,     9351.331
    1536.458,      295000,  2750332.198,     9317.526
    1541.667,      296000,  2759649.981,     9317.782
    1546.875,      297000,  2768967.021,     9317.040
    1552.083,      298000,  2778284.554,     9317.533
    1557.292,      299000,  2787613.702,     9329.149
    1562.500,      300000,  2796967.571,     9353.869
    1567.708,      301000,  2806320.358,     9352.787
    1572.917,      302000,  2815694.842,     9374.483
    1578.125,      303000,  2825072.582,     9377.741
    1583.333,      304000,  2834436.426,     9363.843
    1588.542,      305000,  2843794.762,     9358.336
    1593.750,      306000,  2853179.478,     9384.717
    1598.958,      307000,  2862543.389,     9363.910
    1604.167,      308000,  2871905.936,     9362.547
    1609.375,      309000,  2881265.818,     9359.882
    1614.583,      310000,  2890629.405,     9363.587
    1619.792,      311000,  2900010.554,     9381.149
    1625.000,      312000,  2909406.138,     9395.584
    1630.208,      313000,  2918762.515,     9356.377
    1635.417,      314000,  2928129.853,     9367.338
    1640.625,      315000,  2937510.822,     9380.970
    1645.833,      316000,  2946877.469,     9366.646
    1651.042,      317000,  2956253.283,     9375.814
    1656.250,      318000,  2965614.426,     9361.142
    1661.458,      319000,  2974979.603,     9365.178
    1666.667,      320000,  2984343.536,     9363.933
    1671.875,      321000,  2993722.182,     9378.646
    1677.083,      322000,  3003127.437,     9405.254
    1682.292,      323000,  3012524.682,     9397.245
    1687.500,      324000,  3021903.830,     9379.149
    1692.708,      325000,  3031303.722,     9399.892
    1697.917,      326000,  3040663.270,     9359.548
    1703.125,      327000,  3050014.822,     9351.552
    1708.333,      328000,  3059370.554,     9355.731
    1713.542,      329000,  3068761.142,     9390.589
    1718.750,      330000,  3078146.912,     9385.770
    1723.958,      331000,  3087537.056,     9390.144
    1729.167,      332000,  3096920.803,     9383.747
    1734.375,      333000,  3106302.918,     9382.115
    1739.583,      334000,  3115685.603,     9382.685
    1744.792,      335000,  3125089.411,     9403.808
    1750.000,      336000,  3134474.762,     9385.351
    1755.208,      337000,  3143851.062,     9376.300
    1760.417,      338000,  3153232.294,     9381.232
    1765.625,      339000,  3162629.773,     9397.478
    1770.833,      340000,  3172054.787,     9425.014
    1776.042,      341000,  3181440.026,     9385.238
    1781.250,      342000,  3190807.933,     9367.907
    1786.458,      343000,  3200181.293,     9373.360
    1791.667,      344000,  3209554.886,     9373.594
    1796.875,      345000,  3218934.227,     9379.341
    1802.083,      346000,  3228330.877,     9396.650
    1807.292,      347000,  3237685.069,     9354.192
    1812.500,      348000,  3247037.891,     9352.822
    1817.708,      349000,  3256395.085,     9357.194
    1822.917,      350000,  3265771.155,     9376.070
    1828.125,      351000,  3275151.568,     9380.413
    1833.333,      352000,  3284568.704,     9417.136
    1838.542,      353000,  3293975.507,     9406.803
    1843.750,      354000,  3303399.174,     9423.667
    1848.958,      355000,  3312813.670,     9414.496
    1854.167,      356000,  3322215.901,     9402.230
    1859.375,      357000,  3331622.826,     9406.925
    1864.583,      358000,  3341079.597,     9456.771
    1869.792,      359000,  3350527.053,     9447.456
    1875.000,      360000,  3359970.938,     9443.885
    1880.208,      361000,  3369421.085,     9450.147
    1885.417,      362000,  3378853.479,     9432.395
    1890.625,      363000,  3388323.517,     9470.037
    1895.833,      364000,  3397770.176,     9446.659
    1901.042,      365000,  3407256.056,     9485.880
    1906.250,      366000,  3416715.046,     9458.990
    1911.458,      367000,  3426146.445,     9431.398
    1916.667,      368000,  3435589.882,     9443.437
    1921.875,      369000,  3445061.722,     9471.840
    1927.083,      370000,  3454505.859,     9444.138
    1932.292,      371000,  3463966.477,     9460.618
    1937.500,      372000,  3473410.003,     9443.526
    1942.708,      373000,  3482849.110,     9439.107
    1947.917,      374000,  3492275.168,     9426.058
    1953.125,      375000,  3501726.954,     9451.786
    1958.333,      376000,  3511166.646,     9439.693
    1963.542,      377000,  3520612.070,     9445.424
    1968.750,      378000,  3530041.216,     9429.146
    1973.958,      379000,  3539486.726,     9445.510
    1979.167,      380000,  3548935.261,     9448.534
    1984.375,      381000,  3558409.491,     9474.230
    1989.583,      382000,  3567847.158,     9437.667
    1994.792,      383000,  3577288.070,     9440.912
    2000.000,      384000,  3586719.683,     9431.613
    2005.208,      385000,  3596163.526,     9443.843
    2010.417,      386000,  3605638.240,     9474.714
    2015.625,      387000,  3615080.358,     9442.118
    2020.833,      388000,  3624498.122,     9417.763
    2026.042,      389000,  3633912.058,     9413.936
    2031.250,      390000,  3643321.146,     9409.088
    2036.458,      391000,  3652735.510,     9414.365
    2041.667,      392000,  3662194.403,     9458.893
    2046.875,      393000,  3671643.597,     9449.194
    2052.083,      394000,  3681104.726,     9461.130
    2057.292,      395000,  3690537.395,     9432.669
    2062.500,      396000,  3699992.944,     9455.549
    2067.708,      397000,  3709469.722,     9476.778
    2072.917,      398000,  3718942.752,     9473.030
    2078.125,      399000,  3728359.472,     9416.720
    2083.333,      400000,  3737801.917,     9442.445
    2088.542,      401000,  3747248.365,     9446.448
    2093.750,      402000,  3756685.413,     9437.048
    2098.958,      403000,  3766098.852,     9413.438
    2104.167,      404000,  3775587.357,     9488.506
    2109.375,      405000,  3785048.323,     9460.966
    2114.583,      406000,  3794466.970,     9418.646
    2119.792,      407000,  3803900.829,     9433.859
    2125.000,      408000,  3813360.141,     9459.312
    2130.208,      409000,  3822813.331,     9453.190
    2135.417,      410000,  3832224.432,     9411.101
    2140.625,      411000,  3841686.669,     9462.237
    2145.833,      412000,  3851121.434,     9434.765
    2151.042,      413000,  3860528.541,     9407.107
    2156.250,      414000,  3869957.363,     9428.822
    2161.458,      415000,  3879407.904,     9450.541
    2166.667,      416000,  3888836.282,     9428.378
    2171.875,      417000,  3898255.830,     9419.549
    2177.083,      418000,  3907695.258,     9439.427
    2182.292,      419000,  3917126.422,     9431.165
    2187.500,      420000,  3926543.725,     9417.302
    2192.708,      421000,  3935968.794,     9425.069
    2197.917,      422000,  3945384.797,     9416.003
    2203.125,      423000,  3954792.621,     9407.824
    2208.333,      424000,  3964206.733,     9414.112
    2213.542,      425000,  3973616.435,     9409.702
    2218.750,      426000,  3983037.539,     9421.104
    2223.958,      427000,  3992480.394,     9442.854
    2229.167,      428000,  4001895.277,     9414.883
    2234.375,      429000,  4011291.226,     9395.949
    2239.583,      430000,  4020684.803,     9393.578
    2244.792,      431000,  4030072.141,     9387.338
    2250.000,      432000,  4039443.828,     9371.687
    2255.208,      433000,  4048844.227,     9400.400
    2260.417,      434000,  4058220.406,     9376.179
    2265.625,      435000,  4067588.368,     9367.962
    2270.833,      436000,  4076966.336,     9377.968
    2276.042,      437000,  4086339.418,     9373.082
    2281.250,      438000,  4095729.338,     9389.920
    2286.458,      439000,  4105100.413,     9371.075
    2291.667,      440000,  4114486.720,     9386.307
    2296.875,      441000,  4123856.118,     9369.398
    2302.083,      442000,  4133218.643,     9362.525
    2307.292,      443000,  4142607.421,     9388.778
    2312.500,      444000,  4151987.725,     9380.304
    2317.708,      445000,  4161354.221,     9366.496
    2322.917,      446000,  4170702.256,     9348.035
    2328.125,      447000,  4180049.338,     9347.082
    2333.333,      448000,  4189416.531,     9367.194
    2338.542,      449000,  4198764.592,     9348.061
    2343.750,      450000,  4208113.594,     9349.002
    2348.958,      451000,  4217451.405,     9337.811
    2354.167,      452000,  4226783.581,     9332.176
    2359.375,      453000,  4236106.739,     9323.158
    2364.583,      454000,  4245427.398,     9320.659
    2369.792,      455000,  4254744.426,     9317.027
    2375.000,      456000,  4264037.706,     9293.280
    2380.208,      457000,  4273321.718,     9284.013
    2385.417,      458000,  4282610.454,     9288.736
    2390.625,      459000,  4291920.096,     9309.642
    2395.833,      460000,  4301220.080,     9299.984
    2401.042,      461000,  4310555.766,     9335.686
    2406.250,      462000,  4319862.221,     9306.454
    2411.458,      463000,  4329172.781,     9310.560
    2416.667,      464000,  4338473.613,     9300.832
    2421.875,      465000,  4347768.176,     9294.563
    2427.083,      466000,  4357039.328,     9271.152
    2432.292,      467000,  4366316.265,     9276.937
    2437.500,      468000,  4375574.122,     9257.857
    2442.708,      469000,  4384826.627,     9252.506
    2447.917,      470000,  4394074.285,     9247.658
    2453.125,      471000,  4403327.318,     9253.034
    2458.333,      472000,  4412582.211,     9254.893
    2463.542,      473000,  4421833.939,     9251.728
    2468.750,      474000,  4431056.480,     9222.541
    2473.958,      475000,  4440274.877,     9218.397
    2479.167,      476000,  4449477.590,     9202.714
    2484.375,      477000,  4458669.587,     9191.997
    2489.583,      478000,  4467871.274,     9201.686
    2494.792,      479000,  4477090.534,     9219.261
    2500.000,      480000,  4486306.765,     9216.231
    2505.208,      481000,  4495525.558,     9218.793
    2510.417,      482000,  4504755.674,     9230.115
    2515.625,      483000,  4513959.312,     9203.638
    2520.833,      484000,  4523184.922,     9225.610
    2526.042,      485000,  4532396.298,     9211.376
    2531.250,      486000,  4541605.459,     9209.162
    2536.458,      487000,  4550812.403,     9206.944
    2541.667,      488000,  4560027.722,     9215.318
    2546.875,      489000,  4569232.141,     9204.419
    2552.083,      490000,  4578446.256,     9214.115
    2557.292,      491000,  4587648.608,     9202.352
    2562.500,      492000,  4596856.906,     9208.298
    2567.708,      493000,  4606079.766,     9222.861
    2572.917,      494000,  4615295.312,     9215.546
    2578.125,      495000,  4624515.766,     9220.454
    2583.333,      496000,  4633752.970,     9237.203
    2588.542,      497000,  4642965.104,     9212.134
    2593.750,      498000,  4652174.422,     9209.318
    2598.958,      499000,  4661392.717,     9218.294
    2604.167,      500000,  4670609.075,     9216.358
    2609.375,      501000,  4679856.954,     9247.878
    2614.583,      502000,  4689178.058,     9321.104
    2619.792,      503000,  4698401.536,     9223.478
    2625.000,      504000,  4707603.248,     9201.712
    2630.208,      505000,  4716809.379,     9206.131
    2635.417,      506000,  4726014.371,     9204.992
    2640.625,      507000,  4735236.813,     9222.442
    2645.833,      508000,  4744436.378,     9199.565
    2651.042,      509000,  4753644.651,     9208.274
    2656.250,      510000,  4762849.789,     9205.138
    2661.458,      511000,  4772054.301,     9204.512
    2666.667,      512000,  4781270.221,     9215.920
    2671.875,      513000,  4790508.979,     9238.758
    2677.083,      514000,  4799730.819,     9221.840
    2682.292,      515000,  4808949.018,     9218.198
    2687.500,      516000,  4818157.386,     9208.368
    2692.708,      517000,  4827344.294,     9186.909
    2697.917,      518000,  4836535.286,     9190.992
    2703.125,      519000,  4845754.442,     9219.155
    2708.333,      520000,  4854969.322,     9214.880
    2713.542,      521000,  4864190.816,     9221.494
    2718.750,      522000,  4873391.827,     9201.011
    2723.958,      523000,  4882588.425,     9196.598
    2729.167,      524000,  4891818.019,     9229.594
    2734.375,      525000,  4901060.464,     9242.445
    2739.583,      526000,  4910275.264,     9214.799
    2744.792,      527000,  4919489.184,     9213.920
    2750.000,      528000,  4928706.964,     9217.780
    2755.208,      529000,  4937924.742,     9217.779
    2760.417,      530000,  4947157.603,     9232.861
    2765.625,      531000,  4956372.128,     9214.525
    2770.833,      532000,  4965578.413,     9206.285
    2776.042,      533000,  4974798.592,     9220.179
    2781.250,      534000,  4984025.766,     9227.174
    2786.458,      535000,  4993247.322,     9221.555
    2791.667,      536000,  5002495.565,     9248.243
    2796.875,      537000,  5011716.457,     9220.892
    2802.083,      538000,  5020938.061,     9221.604
    2807.292,      539000,  5030163.238,     9225.178
    2812.500,      540000,  5039387.590,     9224.352
    2817.708,      541000,  5048608.144,     9220.554
    2822.917,      542000,  5057858.045,     9249.901
    2828.125,      543000,  5067087.821,     9229.776
    2833.333,      544000,  5076311.053,     9223.232
    2838.542,      545000,  5085545.075,     9234.022
    2843.750,      546000,  5094775.034,     9229.958
    2848.958,      547000,  5104002.451,     9227.418
    2854.167,      548000,  5113247.856,     9245.405
    2859.375,      549000,  5122484.678,     9236.822
    2864.583,      550000,  5131711.526,     9226.848
    2869.792,      551000,  5140951.158,     9239.632
    2875.000,      552000,  5150206.810,     9255.651
    2880.208,      553000,  5159473.786,     9266.976
    2885.417,      554000,  5168735.651,     9261.866
    2890.625,      555000,  5177979.162,     9243.510
    2895.833,      556000,  5187227.994,     9248.832
    2901.042,      557000,  5196484.413,     9256.419
    2906.250,      558000,  5205737.907,     9253.494
    2911.458,      559000,  5215008.912,     9271.005
    2916.667,      560000,  5224270.749,     9261.837
    2921.875,      561000,  5233526.730,     9255.981
    2927.083,      562000,  5242782.694,     9255.965
    2932.292,      563000,  5252041.798,     9259.104
    2937.500,      564000,  5261317.176,     9275.378
    2942.708,      565000,  5270635.120,     9317.944
    2947.917,      566000,  5279924.304,     9289.184
    2953.125,      567000,  5289242.653,     9318.349
    2958.333,      568000,  5298545.683,     9303.030
    2963.542,      569000,  5307858.320,     9312.637
    2968.750,      570000,  5317172.019,     9313.699
    2973.958,      571000,  5326742.352,     9570.333
    2979.167,      572000,  5336068.826,     9326.474
    2984.375,      573000,  5345396.154,     9327.328
    2989.583,      574000,  5354734.662,     9338.509
    2994.792,      575000,  5364067.462,     9332.800
    3000.000,      576000,  5373408.413,     9340.951
    3005.208,      577000,  5382779.325,     9370.912
    3010.417,      578000,  5392118.003,     9338.678
    3015.625,      579000,  5401455.920,     9337.917
    3020.833,      580000,  5410800.512,     9344.592
    3026.042,      581000,  5420155.443,     9354.931
    3031.250,      582000,  5429522.858,     9367.414
    3036.458,      583000,  5438871.914,     9349.056
    3041.667,      584000,  5448206.173,     9334.259
    3046.875,      585000,  5457541.446,     9335.274
    3052.083,      586000,  5466889.763,     9348.317
    3057.292,      587000,  5476225.658,     9335.894
    3062.500,      588000,  5485595.811,     9370.154
    3067.708,      589000,  5494953.354,     9357.542
    3072.917,      590000,  5504311.917,     9358.563
    3078.125,      591000,  5513684.566,     9372.650
    3083.333,      592000,  5523042.694,     9358.128
