Startup CPU time:      748.544 sec summed across  384 PEs.
         Day, Step number,     CPU time, CPU time change
       0.000,           0,      748.544,      748.544
       5.208,        1000,    39211.981,    38463.437
      10.417,        2000,    76788.499,    37576.518
      15.625,        3000,   114093.683,    37305.184
      20.833,        4000,   151398.704,    37305.021
      26.042,        5000,   188850.378,    37451.674
      31.250,        6000,   226393.799,    37543.421
      36.458,        7000,   263689.485,    37295.686
      41.667,        8000,   300985.229,    37295.744
      46.875,        9000,   338291.811,    37306.582
      52.083,       10000,   375622.381,    37330.570
      57.292,       11000,   412905.184,    37282.803
      62.500,       12000,   450480.899,    37575.715
      67.708,       13000,   487850.711,    37369.811
      72.917,       14000,   525176.426,    37325.715
      78.125,       15000,   562596.720,    37420.294
      83.333,       16000,   600057.642,    37460.922
      88.542,       17000,   637520.499,    37462.858
      93.750,       18000,   675356.999,    37836.499
      98.958,       19000,   713015.473,    37658.475
     104.167,       20000,   750589.411,    37573.938
     109.375,       21000,   788180.896,    37591.485
     114.583,       22000,   825767.482,    37586.586
     119.792,       23000,   863262.048,    37494.566
     125.000,       24000,   900985.140,    37723.092
     130.208,       25000,   938483.216,    37498.077
     135.417,       26000,   975911.594,    37428.378
     140.625,       27000,  1013350.026,    37438.432
     145.833,       28000,  1050756.771,    37406.746
     151.042,       29000,  1088459.511,    37702.739
     156.250,       30000,  1125909.497,    37449.987
     161.458,       31000,  1163398.109,    37488.612
     166.667,       32000,  1200923.226,    37525.117
     171.875,       33000,  1238440.691,    37517.466
     177.083,       34000,  1275938.637,    37497.946
     182.292,       35000,  1313747.859,    37809.222
     187.500,       36000,  1351328.947,    37581.088
     192.708,       37000,  1388924.394,    37595.446
     197.917,       38000,  1426600.528,    37676.134
     203.125,       39000,  1464349.204,    37748.676
     208.333,       40000,  1502127.205,    37778.000
     213.542,       41000,  1540265.232,    38138.028
     218.750,       42000,  1578195.383,    37930.150
     223.958,       43000,  1616150.711,    37955.328
     229.167,       44000,  1654192.675,    38041.965
     234.375,       45000,  1692364.995,    38172.320
     239.583,       46000,  1730595.495,    38230.499
     244.792,       47000,  1769282.189,    38686.694
     250.000,       48000,  1807815.095,    38532.906
     255.208,       49000,  1846396.720,    38581.625
     260.417,       50000,  1884851.619,    38454.899
     265.625,       51000,  1923107.875,    38256.256
     270.833,       52000,  1961379.117,    38271.242
     276.042,       53000,  1999379.927,    38000.810
     281.250,       54000,  2037415.120,    38035.194
     286.458,       55000,  2075551.146,    38136.026
     291.667,       56000,  2113945.815,    38394.669
     296.875,       57000,  2152588.314,    38642.499
     302.083,       58000,  2191454.320,    38866.006
     307.292,       59000,  2229799.283,    38344.963
     312.500,       60000,  2268305.015,    38505.731
     317.708,       61000,  2306574.067,    38269.053
     322.917,       62000,  2344847.879,    38273.811
     328.125,       63000,  2383008.592,    38160.714
     333.333,       64000,  2421474.384,    38465.792
     338.542,       65000,  2459688.359,    38213.974
     343.750,       66000,  2498266.314,    38577.955
     348.958,       67000,  2536779.229,    38512.915
     354.167,       68000,  2575516.256,    38737.027
     359.375,       69000,  2613895.383,    38379.126
     364.583,       70000,  2652451.635,    38556.253
     369.792,       71000,  2690755.693,    38304.058
     375.000,       72000,  2729174.197,    38418.505
     380.208,       73000,  2767935.386,    38761.188
     385.417,       74000,  2806672.269,    38736.883
     390.625,       75000,  2845425.946,    38753.677
     395.833,       76000,  2883742.435,    38316.490
     401.042,       77000,  2922434.173,    38691.738
     406.250,       78000,  2961222.136,    38787.963
     411.458,       79000,  3000023.739,    38801.603
     416.667,       80000,  3038663.386,    38639.647
     421.875,       81000,  3077615.271,    38951.885
     427.083,       82000,  3115924.285,    38309.014
     432.292,       83000,  3154203.559,    38279.274
     437.500,       84000,  3192558.679,    38355.120
     442.708,       85000,  3230835.712,    38277.034
     447.917,       86000,  3269189.517,    38353.805
     453.125,       87000,  3308001.943,    38812.426
     458.333,       88000,  3346630.858,    38628.915
     463.542,       89000,  3385284.848,    38653.990
     468.750,       90000,  3423970.759,    38685.910
     473.958,       91000,  3462757.024,    38786.266
     479.167,       92000,  3501563.331,    38806.307
     484.375,       93000,  3540673.440,    39110.109
     489.583,       94000,  3579449.610,    38776.170
     494.792,       95000,  3618229.888,    38780.278
     500.000,       96000,  3657057.354,    38827.466
     505.208,       97000,  3695831.613,    38774.259
     510.417,       98000,  3734688.976,    38857.363
     515.625,       99000,  3773473.071,    38784.095
     520.833,      100000,  3812309.600,    38836.529
     526.042,      101000,  3851004.093,    38694.493
     531.250,      102000,  3889543.514,    38539.421
     536.458,      103000,  3927970.846,    38427.332
     541.667,      104000,  3966910.848,    38940.003
     546.875,      105000,  4005745.056,    38834.208
     552.083,      106000,  4044652.013,    38906.957
     557.292,      107000,  4083577.962,    38925.949
     562.500,      108000,  4122485.335,    38907.373
     567.708,      109000,  4161400.013,    38914.678
     572.917,      110000,  4200619.981,    39219.968
     578.125,      111000,  4239526.141,    38906.160
     583.333,      112000,  4278432.266,    38906.125
     588.542,      113000,  4317392.675,    38960.410
     593.750,      114000,  4356550.179,    39157.504
     598.958,      115000,  4395513.562,    38963.382
     604.167,      116000,  4434730.551,    39216.989
     609.375,      117000,  4473552.179,    38821.629
     614.583,      118000,  4512503.890,    38951.711
     619.792,      119000,  4551250.055,    38746.164
     625.000,      120000,  4590078.071,    38828.016
     630.208,      121000,  4629117.757,    39039.686
     635.417,      122000,  4667926.586,    38808.829
     640.625,      123000,  4706736.599,    38810.013
     645.833,      124000,  4745523.904,    38787.306
     651.042,      125000,  4784333.533,    38809.629
     656.250,      126000,  4823000.912,    38667.379
     661.458,      127000,  4861998.711,    38997.798
     666.667,      128000,  4900796.656,    38797.946
     671.875,      129000,  4939708.631,    38911.974
     677.083,      130000,  4978672.467,    38963.837
     682.292,      131000,  5017655.258,    38982.790
     687.500,      132000,  5056611.667,    38956.410
     692.708,      133000,  5095848.685,    39237.018
     697.917,      134000,  5134792.023,    38943.338
     703.125,      135000,  5173724.896,    38932.874
     708.333,      136000,  5212716.493,    38991.597
     713.542,      137000,  5251689.165,    38972.672
     718.750,      138000,  5290599.984,    38910.819
     723.958,      139000,  5329768.423,    39168.438
     729.167,      140000,  5368716.605,    38948.182
     734.375,      141000,  5407665.363,    38948.758
     739.583,      142000,  5446598.707,    38933.344
     744.792,      143000,  5485454.317,    38855.610
     750.000,      144000,  5524340.208,    38885.891
     755.208,      145000,  5563542.042,    39201.833
     760.417,      146000,  5602469.101,    38927.059
     765.625,      147000,  5641309.107,    38840.006
     770.833,      148000,  5680215.319,    38906.211
     776.042,      149000,  5719073.155,    38857.837
     781.250,      150000,  5758163.603,    39090.448
     786.458,      151000,  5796863.789,    38700.186
     791.667,      152000,  5835735.594,    38871.805
     796.875,      153000,  5874653.040,    38917.446
     802.083,      154000,  5913366.259,    38713.219
     807.292,      155000,  5952113.747,    38747.488
     812.500,      156000,  5991052.762,    38939.014
     817.708,      157000,  6030099.745,    39046.983
     822.917,      158000,  6068786.538,    38686.793
     828.125,      159000,  6107461.011,    38674.474
     833.333,      160000,  6146535.123,    39074.112
     838.542,      161000,  6185507.245,    38972.122
     843.750,      162000,  6224835.767,    39328.522
     848.958,      163000,  6263870.627,    39034.861
     854.167,      164000,  6302833.971,    38963.344
     859.375,      165000,  6341843.079,    39009.107
     864.583,      166000,  6380910.224,    39067.146
     869.792,      167000,  6419954.163,    39043.939
     875.000,      168000,  6459372.701,    39418.538
     880.208,      169000,  6498628.291,    39255.590
     885.417,      170000,  6537682.586,    39054.294
     890.625,      171000,  6576720.947,    39038.362
     895.833,      172000,  6615701.155,    38980.208
     901.042,      173000,  6654814.714,    39113.558
     906.250,      174000,  6693818.680,    39003.966
     911.458,      175000,  6732774.781,    38956.101
     916.667,      176000,  6771634.419,    38859.638
     921.875,      177000,  6810477.635,    38843.216
     927.083,      178000,  6849448.957,    38971.322
     932.292,      179000,  6888876.330,    39427.373
     937.500,      180000,  6927969.840,    39093.510
     942.708,      181000,  6967267.959,    39298.118
     947.917,      182000,  7006341.523,    39073.565
     953.125,      183000,  7045337.063,    38995.539
     958.333,      184000,  7084371.363,    39034.301
     963.542,      185000,  7123745.831,    39374.467
     968.750,      186000,  7162894.400,    39148.570
     973.958,      187000,  7201866.880,    38972.480
     979.167,      188000,  7240879.885,    39013.005
     984.375,      189000,  7279927.671,    39047.786
     989.583,      190000,  7319012.231,    39084.560
     994.792,      191000,  7358335.767,    39323.536
    1000.000,      192000,  7397199.143,    38863.376
    1005.208,      193000,  7436056.842,    38857.699
    1010.417,      194000,  7475167.776,    39110.934
    1015.625,      195000,  7514557.991,    39390.215
    1020.833,      196000,  7554037.169,    39479.178
    1026.042,      197000,  7593126.183,    39089.014
    1031.250,      198000,  7632218.397,    39092.214
    1036.458,      199000,  7671414.839,    39196.442
    1041.667,      200000,  7710610.237,    39195.398
    1046.875,      201000,  7749972.659,    39362.422
    1052.083,      202000,  7789287.798,    39315.139
    1057.292,      203000,  7828287.315,    38999.517
    1062.500,      204000,  7867228.858,    38941.542
    1067.708,      205000,  7906440.554,    39211.696
    1072.917,      206000,  7945483.059,    39042.506
    1078.125,      207000,  7984493.539,    39010.480
    1083.333,      208000,  8023685.351,    39191.811
    1088.542,      209000,  8063665.162,    39979.811
    1093.750,      210000,  8103659.191,    39994.029
    1098.958,      211000,  8142884.855,    39225.664
    1104.167,      212000,  8181839.546,    38954.691
    1109.375,      213000,  8220917.549,    39078.003
    1114.583,      214000,  8260238.026,    39320.477
    1119.792,      215000,  8299312.704,    39074.678
    1125.000,      216000,  8338301.770,    38989.066
    1130.208,      217000,  8377275.642,    38973.872
    1135.417,      218000,  8416477.357,    39201.715
    1140.625,      219000,  8455687.005,    39209.648
    1145.833,      220000,  8494665.031,    38978.026
    1151.042,      221000,  8533516.378,    38851.347
    1156.250,      222000,  8572551.584,    39035.206
    1161.458,      223000,  8611528.506,    38976.922
    1166.667,      224000,  8650664.074,    39135.568
    1171.875,      225000,  8689955.335,    39291.261
    1177.083,      226000,  8728864.496,    38909.162
    1182.292,      227000,  8767989.632,    39125.136
    1187.500,      228000,  8807206.375,    39216.742
    1192.708,      229000,  8846224.685,    39018.310
    1197.917,      230000,  8885186.698,    38962.013
    1203.125,      231000,  8924480.019,    39293.322
    1208.333,      232000,  8963528.122,    39048.102
    1213.542,      233000,  9003048.079,    39519.957
    1218.750,      234000,  9042308.891,    39260.812
    1223.958,      235000,  9081459.248,    39150.357
    1229.167,      236000,  9120549.105,    39089.857
    1234.375,      237000,  9159857.091,    39307.987
    1239.583,      238000,  9198846.467,    38989.376
    1244.792,      239000,  9237931.182,    39084.714
    1250.000,      240000,  9276709.677,    38778.496
    1255.208,      241000,  9315487.562,    38777.885
    1260.417,      242000,  9354634.538,    39146.976
    1265.625,      243000,  9393781.223,    39146.685
    1270.833,      244000,  9433042.823,    39261.600
    1276.042,      245000,  9472148.723,    39105.901
    1281.250,      246000,  9511198.919,    39050.195
    1286.458,      247000,  9550332.653,    39133.734
    1291.667,      248000,  9589813.245,    39480.592
    1296.875,      249000,  9629154.570,    39341.325
    1302.083,      250000,  9668488.090,    39333.520
    1307.292,      251000,  9707870.938,    39382.848
    1312.500,      252000,  9747446.586,    39575.648
    1317.708,      253000,  9786884.109,    39437.523
    1322.917,      254000,  9826343.037,    39458.928
    1328.125,      255000,  9865488.465,    39145.427
    1333.333,      256000,  9904560.736,    39072.272
    1338.542,      257000,  9943562.627,    39001.891
    1343.750,      258000,  9982496.218,    38933.590
    1348.958,      259000, 10021340.615,    38844.397
    1354.167,      260000, 10060420.861,    39080.246
    1359.375,      261000, 10099339.578,    38918.717
    1364.583,      262000, 10138390.144,    39050.566
    1369.792,      263000, 10177340.352,    38950.208
    1375.000,      264000, 10216361.030,    39020.677
    1380.208,      265000, 10255882.151,    39521.121
    1385.417,      266000, 10295199.101,    39316.950
    1390.625,      267000, 10334626.023,    39426.922
    1395.833,      268000, 10374197.955,    39571.933
    1401.042,      269000, 10413836.755,    39638.800
    1406.250,      270000, 10453349.498,    39512.742
    1411.458,      271000, 10492911.168,    39561.670
    1416.667,      272000, 10532367.929,    39456.761
    1421.875,      273000, 10571706.589,    39338.660
    1427.083,      274000, 10610968.432,    39261.843
    1432.292,      275000, 10650150.960,    39182.528
    1437.500,      276000, 10689312.810,    39161.850
    1442.708,      277000, 10728584.533,    39271.723
    1447.917,      278000, 10767631.050,    39046.517
    1453.125,      279000, 10806606.653,    38975.603
    1458.333,      280000, 10845806.525,    39199.872
    1463.542,      281000, 10884818.413,    39011.888
    1468.750,      282000, 10923870.467,    39052.054
    1473.958,      283000, 10963286.746,    39416.278
    1479.167,      284000, 11002861.328,    39574.582
    1484.375,      285000, 11042515.933,    39654.605
    1489.583,      286000, 11082037.792,    39521.859
    1494.792,      287000, 11121520.528,    39482.736
    1500.000,      288000, 11161022.039,    39501.511
    1505.208,      289000, 11200598.071,    39576.032
    1510.417,      290000, 11239658.407,    39060.336
    1515.625,      291000, 11288673.095,    49014.688
    1520.833,      292000, 11327993.360,    39320.266
    1526.042,      293000, 11367585.082,    39591.722
    1531.250,      294000, 11407387.843,    39802.762
    1536.458,      295000, 11446568.042,    39180.198
    1541.667,      296000, 11485743.264,    39175.222
    1546.875,      297000, 11525116.733,    39373.469
    1552.083,      298000, 11564715.143,    39598.410
    1557.292,      299000, 11604227.495,    39512.352
    1562.500,      300000, 11643979.441,    39751.947
    1567.708,      301000, 11683461.367,    39481.925
    1572.917,      302000, 11723174.976,    39713.610
    1578.125,      303000, 11762612.096,    39437.120
    1583.333,      304000, 11801818.992,    39206.896
    1588.542,      305000, 11841054.272,    39235.280
    1593.750,      306000, 11880689.911,    39635.638
    1598.958,      307000, 11919842.090,    39152.179
    1604.167,      308000, 11958974.032,    39131.942
    1609.375,      309000, 11998198.019,    39223.987
    1614.583,      310000, 12037674.178,    39476.158
    1619.792,      311000, 12076968.211,    39294.034
    1625.000,      312000, 12116294.090,    39325.879
    1630.208,      313000, 12155635.440,    39341.350
    1635.417,      314000, 12194943.165,    39307.725
    1640.625,      315000, 12234507.099,    39563.934
    1645.833,      316000, 12273659.088,    39151.989
    1651.042,      317000, 12313118.192,    39459.104
    1656.250,      318000, 12352132.867,    39014.675
    1661.458,      319000, 12391250.224,    39117.357
    1666.667,      320000, 12430538.896,    39288.672
    1671.875,      321000, 12469848.147,    39309.251
    1677.083,      322000, 12509061.667,    39213.520
    1682.292,      323000, 12548500.000,    39438.333
    1687.500,      324000, 12587596.259,    39096.259
    1692.708,      325000, 12626539.187,    38942.928
    1697.917,      326000, 12665731.709,    39192.522
    1703.125,      327000, 12704763.770,    39032.061
    1708.333,      328000, 12743761.754,    38997.984
    1713.542,      329000, 12783142.183,    39380.429
    1718.750,      330000, 12822213.543,    39071.360
    1723.958,      331000, 12861401.872,    39188.330
    1729.167,      332000, 12900942.141,    39540.269
    1734.375,      333000, 12940355.792,    39413.651
    1739.583,      334000, 12979817.059,    39461.267
    1744.792,      335000, 13019180.410,    39363.350
    1750.000,      336000, 13058248.535,    39068.125
    1755.208,      337000, 13097389.418,    39140.883
    1760.417,      338000, 13136680.995,    39291.578
    1765.625,      339000, 13175814.429,    39133.434
    1770.833,      340000, 13215251.587,    39437.158
    1776.042,      341000, 13254660.160,    39408.573
    1781.250,      342000, 13294344.358,    39684.198
    1786.458,      343000, 13334067.613,    39723.255
    1791.667,      344000, 13373577.491,    39509.878
    1796.875,      345000, 13412996.567,    39419.075
    1802.083,      346000, 13452604.317,    39607.750
    1807.292,      347000, 13492009.645,    39405.328
    1812.500,      348000, 13531773.992,    39764.347
    1817.708,      349000, 13571111.014,    39337.022
    1822.917,      350000, 13610507.459,    39396.445
    1828.125,      351000, 13649833.658,    39326.198
    1833.333,      352000, 13689506.432,    39672.774
    1838.542,      353000, 13728865.616,    39359.183
    1843.750,      354000, 13768084.963,    39219.348
    1848.958,      355000, 13807312.291,    39227.328
    1854.167,      356000, 13846450.291,    39138.000
    1859.375,      357000, 13885809.527,    39359.235
    1864.583,      358000, 13925734.501,    39924.975
    1869.792,      359000, 13965091.891,    39357.390
    1875.000,      360000, 14004229.300,    39137.408
    1880.208,      361000, 14043473.271,    39243.971
    1885.417,      362000, 14082707.501,    39234.230
    1890.625,      363000, 14122483.280,    39775.779
    1895.833,      364000, 14161775.351,    39292.070
    1901.042,      365000, 14200746.599,    38971.248
    1906.250,      366000, 14239695.610,    38949.011
    1911.458,      367000, 14278773.098,    39077.488
    1916.667,      368000, 14317912.167,    39139.069
    1921.875,      369000, 14357356.311,    39444.144
    1927.083,      370000, 14396532.794,    39176.483
    1932.292,      371000, 14435642.784,    39109.990
    1937.500,      372000, 14474735.524,    39092.740
    1942.708,      373000, 14513949.571,    39214.047
    1947.917,      374000, 14553261.584,    39312.013
    1953.125,      375000, 14592838.049,    39576.465
    1958.333,      376000, 14632123.504,    39285.455
    1963.542,      377000, 14671378.218,    39254.714
    1968.750,      378000, 14710675.207,    39296.989
    1973.958,      379000, 14750610.861,    39935.654
    1979.167,      380000, 14790655.408,    40044.547
    1984.375,      381000, 14830657.235,    40001.827
    1989.583,      382000, 14870206.512,    39549.277
    1994.792,      383000, 14909595.840,    39389.328
    2000.000,      384000, 14948927.028,    39331.188
    2005.208,      385000, 14988212.685,    39285.657
    2010.417,      386000, 15028138.213,    39925.528
    2015.625,      387000, 15067341.583,    39203.370
    2020.833,      388000, 15106446.093,    39104.510
    2026.042,      389000, 15145553.424,    39107.331
    2031.250,      390000, 15184625.715,    39072.291
    2036.458,      391000, 15223861.550,    39235.835
    2041.667,      392000, 15263382.432,    39520.882
    2046.875,      393000, 15302560.842,    39178.410
    2052.083,      394000, 15341612.851,    39052.010
    2057.292,      395000, 15380673.619,    39060.768
    2062.500,      396000, 15419620.618,    38946.998
    2067.708,      397000, 15458819.824,    39199.206
    2072.917,      398000, 15498789.183,    39969.359
    2078.125,      399000, 15538093.933,    39304.750
    2083.333,      400000, 15577257.287,    39163.354
    2088.542,      401000, 15616337.421,    39080.134
    2093.750,      402000, 15655324.759,    38987.338
    2098.958,      403000, 15694333.123,    39008.365
    2104.167,      404000, 15733586.099,    39252.976
    2109.375,      405000, 15772704.819,    39118.720
    2114.583,      406000, 15812084.701,    39379.882
    2119.792,      407000, 15851574.056,    39489.355
    2125.000,      408000, 15891079.079,    39505.023
    2130.208,      409000, 15931090.621,    40011.542
    2135.417,      410000, 15970384.861,    39294.240
    2140.625,      411000, 16009544.515,    39159.654
    2145.833,      412000, 16048714.544,    39170.029
    2151.042,      413000, 16087844.464,    39129.920
    2156.250,      414000, 16127039.939,    39195.475
    2161.458,      415000, 16166570.976,    39531.037
    2166.667,      416000, 16205875.431,    39304.454
    2171.875,      417000, 16245323.312,    39447.882
    2177.083,      418000, 16284604.535,    39281.222
    2182.292,      419000, 16323873.642,    39269.107
    2187.500,      420000, 16363245.319,    39371.677
    2192.708,      421000, 16402687.954,    39442.635
    2197.917,      422000, 16441823.088,    39135.134
    2203.125,      423000, 16481129.511,    39306.422
    2208.333,      424000, 16520548.306,    39418.795
    2213.542,      425000, 16559890.144,    39341.838
    2218.750,      426000, 16599101.680,    39211.536
    2223.958,      427000, 16638484.608,    39382.928
    2229.167,      428000, 16677605.783,    39121.174
    2234.375,      429000, 16716715.395,    39109.613
    2239.583,      430000, 16755961.083,    39245.687
    2244.792,      431000, 16795303.799,    39342.716
    2250.000,      432000, 16834668.724,    39364.925
    2255.208,      433000, 16874219.869,    39551.145
    2260.417,      434000, 16913391.504,    39171.635
    2265.625,      435000, 16952969.095,    39577.590
    2270.833,      436000, 16992633.981,    39664.886
    2276.042,      437000, 17032085.245,    39451.264
    2281.250,      438000, 17071572.019,    39486.774
    2286.458,      439000, 17110897.069,    39325.050
    2291.667,      440000, 17150119.296,    39222.227
    2296.875,      441000, 17189280.912,    39161.615
    2302.083,      442000, 17228574.282,    39293.370
    2307.292,      443000, 17267978.467,    39404.185
    2312.500,      444000, 17307427.283,    39448.816
    2317.708,      445000, 17346547.415,    39120.131
    2322.917,      446000, 17385682.224,    39134.810
    2328.125,      447000, 17424787.216,    39104.992
    2333.333,      448000, 17463737.805,    38950.589
    2338.542,      449000, 17502884.803,    39146.998
    2343.750,      450000, 17542103.037,    39218.234
    2348.958,      451000, 17581077.552,    38974.515
    2354.167,      452000, 17620010.179,    38932.627
    2359.375,      453000, 17658956.269,    38946.090
    2364.583,      454000, 17698018.122,    39061.853
    2369.792,      455000, 17737281.050,    39262.928
    2375.000,      456000, 17776659.837,    39378.788
    2380.208,      457000, 17815773.559,    39113.721
    2385.417,      458000, 17854722.170,    38948.611
    2390.625,      459000, 17894079.594,    39357.424
    2395.833,      460000, 17933222.714,    39143.120
    2401.042,      461000, 17972576.160,    39353.446
    2406.250,      462000, 18011989.087,    39412.927
    2411.458,      463000, 18051173.622,    39184.535
    2416.667,      464000, 18090376.835,    39203.213
    2421.875,      465000, 18129635.507,    39258.672
    2427.083,      466000, 18168691.005,    39055.498
    2432.292,      467000, 18208019.776,    39328.771
    2437.500,      468000, 18247111.657,    39091.881
    2442.708,      469000, 18286229.027,    39117.370
    2447.917,      470000, 18325334.791,    39105.763
    2453.125,      471000, 18364564.912,    39230.122
    2458.333,      472000, 18403962.816,    39397.904
    2463.542,      473000, 18443787.965,    39825.149
    2468.750,      474000, 18483556.160,    39768.195
    2473.958,      475000, 18522876.567,    39320.406
    2479.167,      476000, 18562157.386,    39280.819
    2484.375,      477000, 18601300.935,    39143.549
    2489.583,      478000, 18640313.933,    39012.998
    2494.792,      479000, 18679567.834,    39253.901
    2500.000,      480000, 18718654.850,    39087.016
    2505.208,      481000, 18757859.907,    39205.057
    2510.417,      482000, 18796999.824,    39139.917
    2515.625,      483000, 18836179.155,    39179.331
    2520.833,      484000, 18875527.744,    39348.589
    2526.042,      485000, 18914609.917,    39082.173
    2531.250,      486000, 18953788.013,    39178.096
    2536.458,      487000, 18993314.093,    39526.080
    2541.667,      488000, 19032757.779,    39443.686
    2546.875,      489000, 19072068.816,    39311.037
    2552.083,      490000, 19111665.117,    39596.301
    2557.292,      491000, 19150842.583,    39177.466
    2562.500,      492000, 19190024.013,    39181.430
    2567.708,      493000, 19229334.807,    39310.794
    2572.917,      494000, 19268586.740,    39251.933
    2578.125,      495000, 19307790.378,    39203.638
    2583.333,      496000, 19347087.203,    39296.826
    2588.542,      497000, 19386662.051,    39574.848
    2593.750,      498000, 19426068.691,    39406.640
    2598.958,      499000, 19465375.411,    39306.720
    2604.167,      500000, 19504608.224,    39232.813
    2609.375,      501000, 19543975.739,    39367.515
    2614.583,      502000, 19583628.451,    39652.712
    2619.792,      503000, 19623502.282,    39873.830
    2625.000,      504000, 19662941.441,    39439.159
    2630.208,      505000, 19702627.754,    39686.313
    2635.417,      506000, 19742292.774,    39665.021
    2640.625,      507000, 19782081.757,    39788.983
    2645.833,      508000, 19821728.375,    39646.618
    2651.042,      509000, 19861054.343,    39325.968
    2656.250,      510000, 19900397.373,    39343.030
    2661.458,      511000, 19939593.235,    39195.862
    2666.667,      512000, 19978865.171,    39271.936
    2671.875,      513000, 20018461.383,    39596.211
    2677.083,      514000, 20057729.437,    39268.054
    2682.292,      515000, 20096974.631,    39245.194
    2687.500,      516000, 20136205.271,    39230.640
    2692.708,      517000, 20175377.310,    39172.040
    2697.917,      518000, 20214672.960,    39295.650
    2703.125,      519000, 20254173.162,    39500.202
    2708.333,      520000, 20293483.048,    39309.886
    2713.542,      521000, 20332735.539,    39252.491
    2718.750,      522000, 20372011.191,    39275.651
    2723.958,      523000, 20411239.356,    39228.165
    2729.167,      524000, 20450582.653,    39343.297
    2734.375,      525000, 20490129.242,    39546.589
    2739.583,      526000, 20529525.309,    39396.067
    2744.792,      527000, 20568805.661,    39280.352
    2750.000,      528000, 20608174.983,    39369.322
    2755.208,      529000, 20647441.955,    39266.972
    2760.417,      530000, 20687093.530,    39651.574
    2765.625,      531000, 20726440.317,    39346.787
    2770.833,      532000, 20765890.794,    39450.477
    2776.042,      533000, 20805257.280,    39366.486
    2781.250,      534000, 20844490.880,    39233.600
    2786.458,      535000, 20883641.866,    39150.986
    2791.667,      536000, 20923179.079,    39537.213
    2796.875,      537000, 20962321.139,    39142.061
    2802.083,      538000, 21001433.683,    39112.544
    2807.292,      539000, 21040776.686,    39343.003
    2812.500,      540000, 21080179.343,    39402.657
    2817.708,      541000, 21119488.045,    39308.702
    2822.917,      542000, 21159468.282,    39980.237
    2828.125,      543000, 21198940.058,    39471.776
    2833.333,      544000, 21238244.429,    39304.371
    2838.542,      545000, 21277642.439,    39398.010
    2843.750,      546000, 21316934.400,    39291.962
    2848.958,      547000, 21356164.333,    39229.933
    2854.167,      548000, 21395804.567,    39640.234
    2859.375,      549000, 21435159.303,    39354.736
    2864.583,      550000, 21474531.501,    39372.198
    2869.792,      551000, 21513904.720,    39373.219
    2875.000,      552000, 21553097.575,    39192.855
